name: label_env
channels:
  - conda-forge
  - defaults
dependencies:
  - aom=3.6.0=hd77b12b_0
  - brotli-python=1.0.9=py313h5da7b33_9
  - bzip2=1.0.8=h2bbff1b_6
  - ca-certificates=2025.2.25=haa95532_0
  - cairo=1.16.0=h85cdd14_6
  - certifi=2025.7.14=py313haa95532_0
  - contourpy=1.3.1=py313h214f63a_0
  - cycler=0.11.0=pyhd3eb1b0_0
  - dav1d=1.2.1=h2bbff1b_0
  - expat=2.7.1=h8ddb27b_0
  - fontconfig=2.14.1=hb33846d_3
  - fonttools=4.55.3=py313h827c3e9_0
  - freeglut=3.4.0=h8a1e904_1
  - freetype=2.13.3=h0620614_0
  - fribidi=1.0.10=h62dcd97_0
  - graphite2=1.3.14=hd77b12b_1
  - harfbuzz=10.2.0=he2f9f60_1
  - icu=73.1=h6c2663c_0
  - jpeg=9e=h827c3e9_3
  - kiwisolver=1.4.8=py313h5da7b33_0
  - lcms2=2.16=h62be587_1
  - lerc=4.0.0=h5da7b33_0
  - libavif=1.1.1=h827c3e9_0
  - libdeflate=1.22=h2466b09_0
  - libffi=3.4.4=hd77b12b_1
  - libglib=2.84.2=h405b238_0
  - libiconv=1.16=h2bbff1b_3
  - libmpdec=4.0.0=h827c3e9_0
  - libpng=1.6.39=h8cc25b3_0
  - libtiff=4.7.0=h404307b_0
  - libwebp-base=1.3.2=h3d04722_1
  - libxml2=2.13.8=h866ff63_0
  - looseversion=1.3.0=pyhd8ed1ab_0
  - lz4-c=1.9.4=h2bbff1b_1
  - matplotlib-base=3.10.0=py313h7aa5d4e_1
  - openjpeg=2.5.2=h9b5d1b5_1
  - openssl=3.0.16=h3f729d1_0
  - pcre2=10.42=h0ff8eda_1
  - pillow=11.3.0=py313hb328d1f_0
  - pip=25.1=pyhc872135_2
  - pixman=0.40.0=h2bbff1b_1
  - pyparsing=2.4.7=pyhd3eb1b0_0
  - python=3.13.5=h286a616_100_cp313
  - python_abi=3.13=0_cp313
  - pyyaml=6.0.2=py313h827c3e9_0
  - setuptools=78.1.1=py313haa95532_0
  - sqlite=3.45.3=h2bbff1b_0
  - tk=8.6.14=h5e9d12e_1
  - trackpy=0.6.4=pyhd8ed1ab_1
  - ucrt=10.0.22621.0=haa95532_0
  - vc=14.3=h2df5915_10
  - vc14_runtime=14.44.35208=h4927774_10
  - vs2015_runtime=14.44.35208=ha6b5a95_10
  - wheel=0.45.1=py313haa95532_0
  - xz=5.6.4=h4754444_1
  - yaml=0.2.5=he774522_0
  - zlib=1.2.13=h8cc25b3_1
  - zstd=1.5.6=h8880b57_0
  - pip:
      - asttokens==3.0.0
      - blinker==1.9.0
      - charset-normalizer==3.4.2
      - click==8.2.1
      - colorama==0.4.6
      - comm==0.2.2
      - dash==2.18.2
      - dash-bootstrap-components==1.7.1
      - dash-core-components==2.0.0
      - dash-html-components==2.0.0
      - dash-table==5.0.0
      - decorator==5.2.1
      - executing==2.2.0
      - ezc3d==1.5.18
      - filelock==3.18.0
      - flask==3.0.3
      - fsspec==2025.5.1
      - h5py==3.13.0
      - idna==3.10
      - importlib-metadata==8.7.0
      - ipython==9.4.0
      - ipython-pygments-lexers==1.1.1
      - ipywidgets==8.1.5
      - itsdangerous==2.2.0
      - jedi==0.19.2
      - jinja2==3.1.6
      - joblib==1.5.1
      - jupyterlab-widgets==3.0.15
      - markupsafe==3.0.2
      - matplotlib-inline==0.1.7
      - mpmath==1.3.0
      - mydcc==0.1.22
      - narwhals==1.46.0
      - nest-asyncio==1.6.0
      - networkx==3.5
      - numpy==2.2.2
      - packaging==25.0
      - pandas==2.2.3
      - parso==0.8.4
      - plotly==5.24.1
      - prompt-toolkit==3.0.51
      - pure-eval==0.2.3
      - pygments==2.19.2
      - python-dateutil==2.9.0.post0
      - pytz==2025.2
      - requests==2.32.4
      - retrying==1.4.0
      - scikit-learn==1.6.1
      - scipy==1.15.1
      - six==1.17.0
      - stack-data==0.6.3
      - sympy==1.14.0
      - tenacity==9.1.2
      - threadpoolctl==3.6.0
      - torch==2.7.0
      - traitlets==5.14.3
      - typing-extensions==4.14.1
      - tzdata==2025.2
      - urllib3==2.5.0
      - wcwidth==0.2.13
      - werkzeug==3.0.6
      - widgetsnbextension==4.0.14
      - zipp==3.23.0
prefix: C:\Users\yuryeva\AppData\Local\miniconda3\envs\label_env
